18222909776
13602083886
13602083886
13323375312
13002299873
13902123812
13752196865
13802192918
13752333548
15222715558
15222715558
18649092955
13512270697
15620669235
15122745253
13662034540
13163093933
15022038246
13920829613
15522733360
13072280267
13752785202
18522769046
18622152450
15202250196
13602085087
13920300057
18502647925
18920793503
13114850582
15122168202
17072280052
13164062106
18202577302
13011395979
18522420322
13920500876
13032270028
15822103654
13001394113
18222179483
13820802071
13920734525
18902122725
18902122725
18920189869
13132162827
13312157982
15522383892
13072258589
13194611248
13194611248
18622305891
15222472102
13652067010
13012221832
18622369983
13163073280
13163073280
13920474591
15122963292
